Number of symmetry groups (up to horizontal or vertical reflection): 8
Use horizontal separator? False
Use vertical sub-separator? False
Use horizontal sub-separator? False
1|234 ---> 2, 1, 3, 4
12|34 ---> 1, 2, 3, 4
123|4 ---> 1, 4, 2, 3
1|243 ---> 2, 1, 4, 3
12|43 ---> 1, 2, 4, 3
124|3 ---> 2, 1, 4, 3
1|324 ---> 2, 1, 3, 4
13|24 ---> 2, 1, 3, 4
132|4 ---> 1, 4, 3, 2
1|342 ---> 2, 1, 3, 4
13|42 ---> 2, 1, 3, 4
134|2 ---> 1, 2, 3, 4
1|423 ---> 2, 1, 4, 3
14|23 ---> 1, 4, 2, 3
142|3 ---> 2, 1, 4, 3
1|432 ---> 2, 1, 4, 3
14|32 ---> 1, 4, 3, 2
143|2 ---> 1, 2, 4, 3
2|143 ---> 1, 2, 4, 3
21|43 ---> 1, 2, 4, 3
214|3 ---> 1, 2, 4, 3
2|413 ---> 1, 2, 4, 3
24|13 ---> 2, 4, 1, 3
241|3 ---> 2, 1, 3, 4
